mapmin: [-10, -10, 0]
mapmax: [10.05, 10.05, 1.05]
mapres: [0.05, 0.05, 0.05]
mapdim: [401, 401, 21]
origin: [0.02500000000000036, 0.02500000000000036, 0.525]
origincells: [200, 200, 10]
datatype: a # int8_t
storage: colmajor
mappath: sikang_map_3d.cfg

