image: doors_chairs.pgm
resolution: 0.025000
origin: [-39.600000, -49.200000, 0.000000]
negate: 0
occupied_thresh: 0.65
free_thresh: 0.196

