mapmin: [-8.822288996124268, -8.822288996124268, -1.9992]
mapmax: [9.277711003875734, 9.277711003875734, 2.1008]
mapres: [0.1, 0.1, 0.1]
mapdim: [181, 181, 41]
origin: [0.2277110038757328, 0.2277110038757328, 0.05080000000000007]
origincells: [90, 90, 20]
datatype: t
storage: colmajor
mappath: simple.cfg
start: [0, 0]
goal: [1, 1]
epsilon: 1