mapmin: [-0.1000000000000005, -0.1000000000000005]
mapmax: [10.1, 10.1]
mapres: [0.2, 0.2]
mapdim: [51, 51]
origin: [5, 5]
origincells: [25, 25]
datatype: a
storage: colmajor
mappath: obstacles.cfg
