mapmin: [-11.29729348144532, -12.30197829284668, -0.2555558395385744]
mapmax: [74.20270651855469, 19.19802170715332, 6.244444160461425]
mapres: [0.5, 0.5, 0.5]
mapdim: [171, 63, 13]
origin: [31.45270651855468, 3.44802170715332, 2.994444160461426]
origincells: [85, 31, 6]
datatype: c
storage: rowmajor
mappath: fla_warehouse1.cfg
