mapmin: [-24.38945827484131, -23.95758094787598, 3.823667907714839]
mapmax: [21.31054172515869, 24.34241905212403, 39.52366790771484]
mapres: [0.1, 0.1, 0.1]
mapdim: [457, 483, 357]
origin: [-1.539458274841309, 0.1924190521240234, 21.67366790771484]
origincells: [228, 241, 178]
datatype: a # int8_t
storage: rowmajor
mappath: pretzel.cfg
